[header.jpg]
filters=Pixelate=1,20.000000,9.000000,0.000000;CrossProcess=1,0.000000;
moddate=0078bffa899bce01
width=2000
height=1297
textactive=0
[pic4.jpg]
filters=Boost=1,50.000000;CrossProcess=1,0.000000;
moddate=807c09abc503cf01
width=368
height=256
textactive=0
[lakshay_logo.jpg]
filters=crop64=1,ffffe50d;
crop=rect64(ffffe50d)
moddate=95474d398707cf01
width=260
height=190
textactive=0
[manjil_logo.jpg]
filters=bw=1;
moddate=6c6349528d07cf01
width=380
height=400
textactive=0
